with_mask 0.897958517074585 117 79 163 129
with_mask 0.8399022221565247 261 121 303 169
with_mask 0.818536639213562 23 41 80 107
with_mask 0.7910379767417908 363 82 396 121
with_mask 0.7658751010894775 172 63 199 93
with_mask 0.5352233648300171 194 101 238 148
with_mask 0.5205554962158203 284 34 314 70
mask_weared_incorrect 0.3569960594177246 284 32 315 69
mask_weared_incorrect 0.3274773359298706 363 81 395 120
without_mask 0.3056115508079529 330 177 367 209
with_mask 0.294086754322052 160 111 190 144
with_mask 0.2667788863182068 261 80 284 106
