with_mask 0.4647809863090515 311 134 334 159
without_mask 0.43517422676086426 166 75 214 130
with_mask 0.4059697687625885 319 44 340 68
with_mask 0.37184157967567444 146 78 204 139
without_mask 0.3574882447719574 146 78 204 139
with_mask 0.3248862326145172 0 29 39 80
with_mask 0.3188863694667816 166 75 214 130
without_mask 0.3150651752948761 172 60 218 114
mask_weared_incorrect 0.31160682439804077 166 75 214 130
mask_weared_incorrect 0.2911170423030853 146 78 204 139
with_mask 0.28608226776123047 345 25 377 59
with_mask 0.281645268201828 172 60 218 114
