with_mask 0.8444343209266663 59 72 91 110
with_mask 0.799680769443512 194 183 232 222
with_mask 0.7841901183128357 360 138 397 179
with_mask 0.7382805943489075 309 186 341 222
with_mask 0.708778440952301 188 117 224 156
with_mask 0.7043522000312805 321 51 356 88
with_mask 0.6607850193977356 52 16 85 51
with_mask 0.6326730847358704 4 11 38 46
with_mask 0.5750433206558228 276 153 309 193
with_mask 0.5161319971084595 318 120 351 156
with_mask 0.49658459424972534 373 73 399 113
with_mask 0.4583226442337036 30 156 56 183
mask_weared_incorrect 0.3493598401546478 2 9 39 47
with_mask 0.34525173902511597 12 134 58 182
with_mask 0.33976083993911743 0 187 40 224
mask_weared_incorrect 0.33481767773628235 51 15 86 52
with_mask 0.32098010182380676 375 22 399 59
mask_weared_incorrect 0.28986963629722595 309 185 341 222
without_mask 0.2883062958717346 11 41 112 171
with_mask 0.2875540852546692 23 147 61 188
without_mask 0.28503021597862244 148 118 185 168
