with_mask 0.9294639229774475 263 126 309 178
without_mask 0.7581673860549927 166 70 212 121
with_mask 0.7175590395927429 254 40 282 70
without_mask 0.6861270070075989 42 23 67 51
with_mask 0.6187499165534973 328 44 362 81
with_mask 0.5358437299728394 203 9 225 37
with_mask 0.4131026566028595 106 89 137 128
with_mask 0.3787401020526886 168 68 215 122
without_mask 0.30959591269493103 106 88 137 127
without_mask 0.2908250093460083 35 161 63 194
mask_weared_incorrect 0.2860989272594452 105 87 139 130
without_mask 0.25384005904197693 141 29 165 56
