with_mask 0.8226288557052612 16 67 50 102
without_mask 0.6839383244514465 237 80 273 125
with_mask 0.5808921456336975 53 42 81 78
without_mask 0.5160900950431824 291 71 322 111
with_mask 0.36089566349983215 128 55 156 90
with_mask 0.2996562421321869 283 62 330 116
with_mask 0.29673683643341064 182 73 208 101
with_mask 0.2853109836578369 239 71 283 128
mask_weared_incorrect 0.2843390703201294 15 63 50 104
with_mask 0.2824457287788391 15 51 60 100
mask_weared_incorrect 0.269201397895813 237 78 276 128
without_mask 0.25659266114234924 370 55 395 84
