with_mask 0.8259129524230957 180 10 221 59
with_mask 0.6761112809181213 46 95 90 142
mask_weared_incorrect 0.49481064081192017 178 9 222 59
with_mask 0.4881330728530884 286 95 336 152
with_mask 0.4595571756362915 302 0 352 54
with_mask 0.3673076033592224 40 0 86 49
without_mask 0.35956841707229614 286 95 337 148
with_mask 0.3128805160522461 288 109 321 151
with_mask 0.28856801986694336 163 3 228 64
mask_weared_incorrect 0.27475491166114807 303 0 352 52
with_mask 0.2638164758682251 171 97 221 153
mask_weared_incorrect 0.2510165274143219 46 96 90 145
without_mask 0.25005456805229187 172 4 221 59
