with_mask 0.610715389251709 284 102 314 138
with_mask 0.5980871915817261 210 114 260 165
without_mask 0.5536743998527527 37 164 83 211
with_mask 0.5387635827064514 113 117 162 174
with_mask 0.4529762864112854 37 67 68 101
without_mask 0.4504416882991791 90 77 119 109
with_mask 0.361031711101532 319 96 371 155
mask_weared_incorrect 0.3555706739425659 210 113 260 165
with_mask 0.3372294306755066 119 138 157 174
with_mask 0.3278420865535736 168 53 194 81
without_mask 0.2665536105632782 166 123 191 151
mask_weared_incorrect 0.2546977400779724 284 102 314 138
