with_mask 0.4870143532752991 151 87 197 136
mask_weared_incorrect 0.3964693546295166 154 86 196 137
without_mask 0.39596596360206604 346 87 382 132
without_mask 0.37652459740638733 85 23 113 57
with_mask 0.36353644728660583 210 103 249 150
without_mask 0.328933447599411 154 87 196 135
with_mask 0.3158290684223175 92 62 143 123
with_mask 0.2854989171028137 173 28 202 61
without_mask 0.2806450128555298 174 27 202 59
without_mask 0.27239853143692017 101 88 140 126
mask_weared_incorrect 0.2717629075050354 92 62 143 123
