with_mask 0.7699013352394104 232 75 284 141
with_mask 0.6956213116645813 122 135 184 214
without_mask 0.5977415442466736 345 53 393 109
with_mask 0.5111765265464783 107 67 156 115
mask_weared_incorrect 0.4771508574485779 232 75 284 141
with_mask 0.3760469853878021 190 26 232 74
without_mask 0.3742191195487976 362 59 398 116
with_mask 0.3577190637588501 14 67 54 111
mask_weared_incorrect 0.29486697912216187 122 136 184 213
without_mask 0.2825969457626343 342 50 379 95
without_mask 0.2531079947948456 121 136 184 214
