with_mask 0.4731898307800293 32 159 140 295
mask_weared_incorrect 0.4179450273513794 7 148 139 294
with_mask 0.3704369366168976 118 173 231 290
without_mask 0.3613694906234741 24 147 118 245
with_mask 0.35249873995780945 57 172 191 313
with_mask 0.34428292512893677 37 149 128 242
with_mask 0.3031046688556671 60 201 141 292
with_mask 0.27823787927627563 66 157 137 262
with_mask 0.27275267243385315 98 186 162 274
with_mask 0.2706243097782135 0 117 173 308
mask_weared_incorrect 0.25979480147361755 24 147 118 245
