without_mask 0.875963568687439 276 15 320 66
without_mask 0.7998236417770386 15 190 63 239
without_mask 0.7821945548057556 337 88 383 146
without_mask 0.6755411624908447 15 77 63 129
with_mask 0.5701938271522522 231 110 287 173
mask_weared_incorrect 0.48063626885414124 233 115 286 176
with_mask 0.3491896986961365 272 5 332 73
without_mask 0.32603350281715393 235 116 285 173
with_mask 0.32466286420822144 236 135 280 194
without_mask 0.3043191730976105 347 210 387 252
with_mask 0.2656579911708832 233 130 271 173
mask_weared_incorrect 0.25216755270957947 335 89 383 148
