with_mask 0.6988162398338318 212 158 241 190
with_mask 0.5132275819778442 139 189 164 217
with_mask 0.4767867624759674 285 7 312 37
without_mask 0.4578670561313629 99 67 127 102
with_mask 0.4224100410938263 37 148 62 177
with_mask 0.40817010402679443 187 51 210 78
mask_weared_incorrect 0.3691062927246094 98 62 129 102
with_mask 0.3632577657699585 344 13 369 44
with_mask 0.3423492908477783 99 63 128 101
without_mask 0.3035951852798462 37 148 62 177
with_mask 0.2962316870689392 21 33 44 59
with_mask 0.29322633147239685 272 158 295 184
with_mask 0.25263866782188416 195 138 217 165
