with_mask 0.5751811265945435 250 88 295 136
without_mask 0.5674769878387451 4 107 43 146
without_mask 0.46359485387802124 76 11 106 44
without_mask 0.38006147742271423 236 154 266 186
without_mask 0.36708617210388184 125 150 169 193
with_mask 0.3554057478904724 236 154 266 186
with_mask 0.35075098276138306 54 195 111 259
without_mask 0.32680508494377136 19 14 48 48
mask_weared_incorrect 0.32144632935523987 120 143 171 193
with_mask 0.3123791813850403 122 147 170 191
without_mask 0.2903907597064972 356 68 385 99
mask_weared_incorrect 0.27317988872528076 236 152 266 184
with_mask 0.26899975538253784 116 187 172 243
with_mask 0.2658422589302063 313 112 342 143
