with_mask 0.7702372074127197 214 186 242 216
with_mask 0.5281992554664612 39 174 66 205
with_mask 0.47552865743637085 249 177 272 203
with_mask 0.4109605848789215 253 34 279 62
with_mask 0.4072097837924957 21 58 45 85
without_mask 0.393235445022583 38 173 66 204
with_mask 0.3859027922153473 93 33 118 61
with_mask 0.3594616949558258 288 34 312 63
with_mask 0.3294040560722351 343 41 373 76
mask_weared_incorrect 0.3066202402114868 214 183 243 217
without_mask 0.29550501704216003 100 96 126 127
with_mask 0.27802014350891113 98 98 125 128
with_mask 0.2720620334148407 60 155 82 180
without_mask 0.27194854617118835 369 117 391 143
mask_weared_incorrect 0.26451414823532104 39 174 66 205
without_mask 0.2518434524536133 28 95 53 122
