with_mask 0.8368011713027954 86 114 126 158
with_mask 0.8334400057792664 152 97 182 129
with_mask 0.8266980648040771 196 70 240 119
with_mask 0.7803146243095398 301 76 328 109
with_mask 0.7366958260536194 273 177 327 225
with_mask 0.5861865282058716 372 82 399 112
without_mask 0.4568052887916565 275 173 325 225
with_mask 0.45368292927742004 242 76 278 119
with_mask 0.38122954964637756 11 122 72 201
without_mask 0.352551132440567 13 123 75 198
mask_weared_incorrect 0.33638182282447815 9 123 73 200
with_mask 0.33115604519844055 258 127 300 180
with_mask 0.2805519700050354 112 70 136 96
with_mask 0.2650608420372009 263 142 315 201
mask_weared_incorrect 0.2582506239414215 273 173 324 225
with_mask 0.2517941892147064 358 26 383 53
