with_mask 0.7539668083190918 21 41 61 87
without_mask 0.7110273241996765 314 42 348 79
with_mask 0.5880249738693237 290 122 338 168
with_mask 0.4946429431438446 370 58 398 91
with_mask 0.49019819498062134 184 128 260 219
with_mask 0.3417392075061798 361 12 397 50
without_mask 0.33831819891929626 184 128 260 219
mask_weared_incorrect 0.3359822928905487 185 130 260 219
without_mask 0.3139262795448303 66 139 135 218
with_mask 0.31300318241119385 79 142 139 223
with_mask 0.3120085597038269 187 45 215 77
without_mask 0.26275795698165894 276 47 305 83
with_mask 0.25172242522239685 85 113 140 190
