with_mask 0.9014606475830078 250 21 294 67
with_mask 0.8262337446212769 183 108 266 198
with_mask 0.7834218740463257 336 20 374 69
with_mask 0.7406398057937622 322 132 389 202
with_mask 0.6167983412742615 109 87 165 151
with_mask 0.46449804306030273 1 151 72 243
without_mask 0.3922868072986603 1 147 73 243
mask_weared_incorrect 0.3449884355068207 184 108 265 196
mask_weared_incorrect 0.3312172293663025 1 147 73 243
with_mask 0.26396480202674866 76 43 105 76
with_mask 0.2572185695171356 53 90 81 123
